.data data1
+ d g c r
+ 0.00 0.00 -1.00 1000000
+ 0.00 0.04 -1.00 1000000
+ 0.00 0.08 -1.00 1000000
+ 0.00 0.12 -1.00 1000000
+ 0.00 0.17 -1.00 1000000
+ 0.00 0.21 -1.00 1000000
+ 0.00 0.25 -1.00 1000000
+ 0.00 0.29 -1.00 1000000
+ 0.00 0.33 -1.00 1000000
+ 0.00 0.38 -1.00 1000000
+ 0.00 0.42 -1.00 1000000
+ 0.00 0.46 -1.00 1000000
+ 0.00 0.50 -1.00 1000000
+ 0.00 0.54 -1.00 1000000
+ 0.00 0.58 -1.00 1000000
+ 0.00 0.62 -1.00 1000000
+ 0.00 0.67 -1.00 1000000
+ 0.00 0.71 -1.00 1000000
+ 0.00 0.75 -1.00 1000000
+ 0.00 0.79 -1.00 1000000
+ 0.00 0.83 -1.00 1000000
+ 0.00 0.88 -1.00 1000000
+ 0.00 0.92 -1.00 1000000
+ 0.00 0.96 -1.00 1000000
+ 0.00 1.00 -1.00 1000000
+ 0.00 0.00 -0.96 1000000
+ 0.00 0.04 -0.96 1000000
+ 0.00 0.08 -0.96 1000000
+ 0.00 0.12 -0.96 1000000
+ 0.00 0.17 -0.96 1000000
+ 0.00 0.21 -0.96 1000000
+ 0.00 0.25 -0.96 1000000
+ 0.00 0.29 -0.96 1000000
+ 0.00 0.33 -0.96 1000000
+ 0.00 0.38 -0.96 1000000
+ 0.00 0.42 -0.96 1000000
+ 0.00 0.46 -0.96 1000000
+ 0.00 0.50 -0.96 1000000
+ 0.00 0.54 -0.96 1000000
+ 0.00 0.58 -0.96 1000000
+ 0.00 0.62 -0.96 1000000
+ 0.00 0.67 -0.96 1000000
+ 0.00 0.71 -0.96 1000000
+ 0.00 0.75 -0.96 1000000
+ 0.00 0.79 -0.96 1000000
+ 0.00 0.83 -0.96 1000000
+ 0.00 0.88 -0.96 1000000
+ 0.00 0.92 -0.96 1000000
+ 0.00 0.96 -0.96 1000000
+ 0.00 1.00 -0.96 1000000
+ 0.00 0.00 -0.92 1000000
+ 0.00 0.04 -0.92 1000000
+ 0.00 0.08 -0.92 1000000
+ 0.00 0.12 -0.92 1000000
+ 0.00 0.17 -0.92 1000000
+ 0.00 0.21 -0.92 1000000
+ 0.00 0.25 -0.92 1000000
+ 0.00 0.29 -0.92 1000000
+ 0.00 0.33 -0.92 1000000
+ 0.00 0.38 -0.92 1000000
+ 0.00 0.42 -0.92 1000000
+ 0.00 0.46 -0.92 1000000
+ 0.00 0.50 -0.92 1000000
+ 0.00 0.54 -0.92 1000000
+ 0.00 0.58 -0.92 1000000
+ 0.00 0.62 -0.92 1000000
+ 0.00 0.67 -0.92 1000000
+ 0.00 0.71 -0.92 1000000
+ 0.00 0.75 -0.92 1000000
+ 0.00 0.79 -0.92 1000000
+ 0.00 0.83 -0.92 1000000
+ 0.00 0.88 -0.92 1000000
+ 0.00 0.92 -0.92 1000000
+ 0.00 0.96 -0.92 1000000
+ 0.00 1.00 -0.92 1000000
+ 0.00 0.00 -0.88 1000000
+ 0.00 0.04 -0.88 1000000
+ 0.00 0.08 -0.88 1000000
+ 0.00 0.12 -0.88 1000000
+ 0.00 0.17 -0.88 1000000
+ 0.00 0.21 -0.88 1000000
+ 0.00 0.25 -0.88 1000000
+ 0.00 0.29 -0.88 1000000
+ 0.00 0.33 -0.88 1000000
+ 0.00 0.38 -0.88 1000000
+ 0.00 0.42 -0.88 1000000
+ 0.00 0.46 -0.88 1000000
+ 0.00 0.50 -0.88 1000000
+ 0.00 0.54 -0.88 1000000
+ 0.00 0.58 -0.88 1000000
+ 0.00 0.62 -0.88 1000000
+ 0.00 0.67 -0.88 1000000
+ 0.00 0.71 -0.88 1000000
+ 0.00 0.75 -0.88 1000000
+ 0.00 0.79 -0.88 1000000
+ 0.00 0.83 -0.88 1000000
+ 0.00 0.88 -0.88 1000000
+ 0.00 0.92 -0.88 1000000
+ 0.00 0.96 -0.88 1000000
+ 0.00 1.00 -0.88 1000000
+ 0.00 0.00 -0.84 1000000
+ 0.00 0.04 -0.84 1000000
+ 0.00 0.08 -0.84 1000000
+ 0.00 0.12 -0.84 1000000
+ 0.00 0.17 -0.84 1000000
+ 0.00 0.21 -0.84 1000000
+ 0.00 0.25 -0.84 1000000
+ 0.00 0.29 -0.84 1000000
+ 0.00 0.33 -0.84 1000000
+ 0.00 0.38 -0.84 1000000
+ 0.00 0.42 -0.84 1000000
+ 0.00 0.46 -0.84 1000000
+ 0.00 0.50 -0.84 1000000
+ 0.00 0.54 -0.84 1000000
+ 0.00 0.58 -0.84 1000000
+ 0.00 0.62 -0.84 1000000
+ 0.00 0.67 -0.84 1000000
+ 0.00 0.71 -0.84 1000000
+ 0.00 0.75 -0.84 1000000
+ 0.00 0.79 -0.84 1000000
+ 0.00 0.83 -0.84 1000000
+ 0.00 0.88 -0.84 1000000
+ 0.00 0.92 -0.84 1000000
+ 0.00 0.96 -0.84 1000000
+ 0.00 1.00 -0.84 1000000
+ 0.00 0.00 -0.80 1000000
+ 0.00 0.04 -0.80 1000000
+ 0.00 0.08 -0.80 1000000
+ 0.00 0.12 -0.80 1000000
+ 0.00 0.17 -0.80 1000000
+ 0.00 0.21 -0.80 1000000
+ 0.00 0.25 -0.80 1000000
+ 0.00 0.29 -0.80 1000000
+ 0.00 0.33 -0.80 1000000
+ 0.00 0.38 -0.80 1000000
+ 0.00 0.42 -0.80 1000000
+ 0.00 0.46 -0.80 1000000
+ 0.00 0.50 -0.80 1000000
+ 0.00 0.54 -0.80 1000000
+ 0.00 0.58 -0.80 1000000
+ 0.00 0.62 -0.80 1000000
+ 0.00 0.67 -0.80 1000000
+ 0.00 0.71 -0.80 1000000
+ 0.00 0.75 -0.80 1000000
+ 0.00 0.79 -0.80 1000000
+ 0.00 0.83 -0.80 1000000
+ 0.00 0.88 -0.80 1000000
+ 0.00 0.92 -0.80 1000000
+ 0.00 0.96 -0.80 1000000
+ 0.00 1.00 -0.80 1000000
+ 0.00 0.00 -0.76 1000000
+ 0.00 0.04 -0.76 1000000
+ 0.00 0.08 -0.76 1000000
+ 0.00 0.12 -0.76 1000000
+ 0.00 0.17 -0.76 1000000
+ 0.00 0.21 -0.76 1000000
+ 0.00 0.25 -0.76 1000000
+ 0.00 0.29 -0.76 1000000
+ 0.00 0.33 -0.76 1000000
+ 0.00 0.38 -0.76 1000000
+ 0.00 0.42 -0.76 1000000
+ 0.00 0.46 -0.76 1000000
+ 0.00 0.50 -0.76 1000000
+ 0.00 0.54 -0.76 1000000
+ 0.00 0.58 -0.76 1000000
+ 0.00 0.62 -0.76 1000000
+ 0.00 0.67 -0.76 1000000
+ 0.00 0.71 -0.76 1000000
+ 0.00 0.75 -0.76 1000000
+ 0.00 0.79 -0.76 1000000
+ 0.00 0.83 -0.76 1000000
+ 0.00 0.88 -0.76 1000000
+ 0.00 0.92 -0.76 1000000
+ 0.00 0.96 -0.76 1000000
+ 0.00 1.00 -0.76 1000000
+ 0.00 0.00 -0.71 1000000
+ 0.00 0.04 -0.71 1000000
+ 0.00 0.08 -0.71 1000000
+ 0.00 0.12 -0.71 1000000
+ 0.00 0.17 -0.71 1000000
+ 0.00 0.21 -0.71 1000000
+ 0.00 0.25 -0.71 1000000
+ 0.00 0.29 -0.71 1000000
+ 0.00 0.33 -0.71 1000000
+ 0.00 0.38 -0.71 1000000
+ 0.00 0.42 -0.71 1000000
+ 0.00 0.46 -0.71 1000000
+ 0.00 0.50 -0.71 1000000
+ 0.00 0.54 -0.71 1000000
+ 0.00 0.58 -0.71 1000000
+ 0.00 0.62 -0.71 1000000
+ 0.00 0.67 -0.71 1000000
+ 0.00 0.71 -0.71 1000000
+ 0.00 0.75 -0.71 1000000
+ 0.00 0.79 -0.71 1000000
+ 0.00 0.83 -0.71 1000000
+ 0.00 0.88 -0.71 1000000
+ 0.00 0.92 -0.71 1000000
+ 0.00 0.96 -0.71 1000000
+ 0.00 1.00 -0.71 1000000
+ 0.00 0.00 -0.67 1000000
+ 0.00 0.04 -0.67 1000000
+ 0.00 0.08 -0.67 1000000
+ 0.00 0.12 -0.67 1000000
+ 0.00 0.17 -0.67 1000000
+ 0.00 0.21 -0.67 1000000
+ 0.00 0.25 -0.67 1000000
+ 0.00 0.29 -0.67 1000000
+ 0.00 0.33 -0.67 1000000
+ 0.00 0.38 -0.67 1000000
+ 0.00 0.42 -0.67 1000000
+ 0.00 0.46 -0.67 1000000
+ 0.00 0.50 -0.67 1000000
+ 0.00 0.54 -0.67 1000000
+ 0.00 0.58 -0.67 1000000
+ 0.00 0.62 -0.67 1000000
+ 0.00 0.67 -0.67 1000000
+ 0.00 0.71 -0.67 1000000
+ 0.00 0.75 -0.67 1000000
+ 0.00 0.79 -0.67 1000000
+ 0.00 0.83 -0.67 1000000
+ 0.00 0.88 -0.67 1000000
+ 0.00 0.92 -0.67 1000000
+ 0.00 0.96 -0.67 1000000
+ 0.00 1.00 -0.67 1000000
+ 0.00 0.00 -0.63 1000000
+ 0.00 0.04 -0.63 1000000
+ 0.00 0.08 -0.63 1000000
+ 0.00 0.12 -0.63 1000000
+ 0.00 0.17 -0.63 1000000
+ 0.00 0.21 -0.63 1000000
+ 0.00 0.25 -0.63 1000000
+ 0.00 0.29 -0.63 1000000
+ 0.00 0.33 -0.63 1000000
+ 0.00 0.38 -0.63 1000000
+ 0.00 0.42 -0.63 1000000
+ 0.00 0.46 -0.63 1000000
+ 0.00 0.50 -0.63 1000000
+ 0.00 0.54 -0.63 1000000
+ 0.00 0.58 -0.63 1000000
+ 0.00 0.62 -0.63 1000000
+ 0.00 0.67 -0.63 1000000
+ 0.00 0.71 -0.63 1000000
+ 0.00 0.75 -0.63 1000000
+ 0.00 0.79 -0.63 1000000
+ 0.00 0.83 -0.63 1000000
+ 0.00 0.88 -0.63 1000000
+ 0.00 0.92 -0.63 1000000
+ 0.00 0.96 -0.63 1000000
+ 0.00 1.00 -0.63 1000000
+ 0.00 0.00 -0.59 1000000
+ 0.00 0.04 -0.59 1000000
+ 0.00 0.08 -0.59 1000000
+ 0.00 0.12 -0.59 1000000
+ 0.00 0.17 -0.59 1000000
+ 0.00 0.21 -0.59 1000000
+ 0.00 0.25 -0.59 1000000
+ 0.00 0.29 -0.59 1000000
+ 0.00 0.33 -0.59 1000000
+ 0.00 0.38 -0.59 1000000
+ 0.00 0.42 -0.59 1000000
+ 0.00 0.46 -0.59 1000000
+ 0.00 0.50 -0.59 1000000
+ 0.00 0.54 -0.59 1000000
+ 0.00 0.58 -0.59 1000000
+ 0.00 0.62 -0.59 1000000
+ 0.00 0.67 -0.59 1000000
+ 0.00 0.71 -0.59 1000000
+ 0.00 0.75 -0.59 1000000
+ 0.00 0.79 -0.59 1000000
+ 0.00 0.83 -0.59 1000000
+ 0.00 0.88 -0.59 1000000
+ 0.00 0.92 -0.59 1000000
+ 0.00 0.96 -0.59 1000000
+ 0.00 1.00 -0.59 1000000
+ 0.00 0.00 -0.55 1000000
+ 0.00 0.04 -0.55 1000000
+ 0.00 0.08 -0.55 1000000
+ 0.00 0.12 -0.55 1000000
+ 0.00 0.17 -0.55 1000000
+ 0.00 0.21 -0.55 1000000
+ 0.00 0.25 -0.55 1000000
+ 0.00 0.29 -0.55 1000000
+ 0.00 0.33 -0.55 1000000
+ 0.00 0.38 -0.55 1000000
+ 0.00 0.42 -0.55 1000000
+ 0.00 0.46 -0.55 1000000
+ 0.00 0.50 -0.55 1000000
+ 0.00 0.54 -0.55 1000000
+ 0.00 0.58 -0.55 1000000
+ 0.00 0.62 -0.55 1000000
+ 0.00 0.67 -0.55 1000000
+ 0.00 0.71 -0.55 1000000
+ 0.00 0.75 -0.55 1000000
+ 0.00 0.79 -0.55 1000000
+ 0.00 0.83 -0.55 1000000
+ 0.00 0.88 -0.55 1000000
+ 0.00 0.92 -0.55 1000000
+ 0.00 0.96 -0.55 1000000
+ 0.00 1.00 -0.55 1000000
+ 0.00 0.00 -0.51 1000000
+ 0.00 0.04 -0.51 1000000
+ 0.00 0.08 -0.51 1000000
+ 0.00 0.12 -0.51 1000000
+ 0.00 0.17 -0.51 1000000
+ 0.00 0.21 -0.51 1000000
+ 0.00 0.25 -0.51 1000000
+ 0.00 0.29 -0.51 1000000
+ 0.00 0.33 -0.51 1000000
+ 0.00 0.38 -0.51 1000000
+ 0.00 0.42 -0.51 1000000
+ 0.00 0.46 -0.51 1000000
+ 0.00 0.50 -0.51 1000000
+ 0.00 0.54 -0.51 1000000
+ 0.00 0.58 -0.51 1000000
+ 0.00 0.62 -0.51 1000000
+ 0.00 0.67 -0.51 1000000
+ 0.00 0.71 -0.51 1000000
+ 0.00 0.75 -0.51 1000000
+ 0.00 0.79 -0.51 1000000
+ 0.00 0.83 -0.51 1000000
+ 0.00 0.88 -0.51 1000000
+ 0.00 0.92 -0.51 1000000
+ 0.00 0.96 -0.51 1000000
+ 0.00 1.00 -0.51 1000000
+ 0.00 0.00 -0.47 1000000
+ 0.00 0.04 -0.47 1000000
+ 0.00 0.08 -0.47 1000000
+ 0.00 0.12 -0.47 1000000
+ 0.00 0.17 -0.47 1000000
+ 0.00 0.21 -0.47 1000000
+ 0.00 0.25 -0.47 1000000
+ 0.00 0.29 -0.47 1000000
+ 0.00 0.33 -0.47 1000000
+ 0.00 0.38 -0.47 1000000
+ 0.00 0.42 -0.47 1000000
+ 0.00 0.46 -0.47 1000000
+ 0.00 0.50 -0.47 1000000
+ 0.00 0.54 -0.47 1000000
+ 0.00 0.58 -0.47 1000000
+ 0.00 0.62 -0.47 1000000
+ 0.00 0.67 -0.47 1000000
+ 0.00 0.71 -0.47 1000000
+ 0.00 0.75 -0.47 1000000
+ 0.00 0.79 -0.47 1000000
+ 0.00 0.83 -0.47 1000000
+ 0.00 0.88 -0.47 1000000
+ 0.00 0.92 -0.47 1000000
+ 0.00 0.96 -0.47 1000000
+ 0.00 1.00 -0.47 1000000
+ 0.00 0.00 -0.43 1000000
+ 0.00 0.04 -0.43 1000000
+ 0.00 0.08 -0.43 1000000
+ 0.00 0.12 -0.43 1000000
+ 0.00 0.17 -0.43 1000000
+ 0.00 0.21 -0.43 1000000
+ 0.00 0.25 -0.43 1000000
+ 0.00 0.29 -0.43 1000000
+ 0.00 0.33 -0.43 1000000
+ 0.00 0.38 -0.43 1000000
+ 0.00 0.42 -0.43 1000000
+ 0.00 0.46 -0.43 1000000
+ 0.00 0.50 -0.43 1000000
+ 0.00 0.54 -0.43 1000000
+ 0.00 0.58 -0.43 1000000
+ 0.00 0.62 -0.43 1000000
+ 0.00 0.67 -0.43 1000000
+ 0.00 0.71 -0.43 1000000
+ 0.00 0.75 -0.43 1000000
+ 0.00 0.79 -0.43 1000000
+ 0.00 0.83 -0.43 1000000
+ 0.00 0.88 -0.43 1000000
+ 0.00 0.92 -0.43 1000000
+ 0.00 0.96 -0.43 1000000
+ 0.00 1.00 -0.43 1000000
+ 0.00 0.00 -0.39 1000000
+ 0.00 0.04 -0.39 1000000
+ 0.00 0.08 -0.39 1000000
+ 0.00 0.12 -0.39 1000000
+ 0.00 0.17 -0.39 1000000
+ 0.00 0.21 -0.39 1000000
+ 0.00 0.25 -0.39 1000000
+ 0.00 0.29 -0.39 1000000
+ 0.00 0.33 -0.39 1000000
+ 0.00 0.38 -0.39 1000000
+ 0.00 0.42 -0.39 1000000
+ 0.00 0.46 -0.39 1000000
+ 0.00 0.50 -0.39 1000000
+ 0.00 0.54 -0.39 1000000
+ 0.00 0.58 -0.39 1000000
+ 0.00 0.62 -0.39 1000000
+ 0.00 0.67 -0.39 1000000
+ 0.00 0.71 -0.39 1000000
+ 0.00 0.75 -0.39 1000000
+ 0.00 0.79 -0.39 1000000
+ 0.00 0.83 -0.39 1000000
+ 0.00 0.88 -0.39 1000000
+ 0.00 0.92 -0.39 1000000
+ 0.00 0.96 -0.39 1000000
+ 0.00 1.00 -0.39 1000000
+ 0.00 0.00 -0.35 1000000
+ 0.00 0.04 -0.35 1000000
+ 0.00 0.08 -0.35 1000000
+ 0.00 0.12 -0.35 1000000
+ 0.00 0.17 -0.35 1000000
+ 0.00 0.21 -0.35 1000000
+ 0.00 0.25 -0.35 1000000
+ 0.00 0.29 -0.35 1000000
+ 0.00 0.33 -0.35 1000000
+ 0.00 0.38 -0.35 1000000
+ 0.00 0.42 -0.35 1000000
+ 0.00 0.46 -0.35 1000000
+ 0.00 0.50 -0.35 1000000
+ 0.00 0.54 -0.35 1000000
+ 0.00 0.58 -0.35 1000000
+ 0.00 0.62 -0.35 1000000
+ 0.00 0.67 -0.35 1000000
+ 0.00 0.71 -0.35 1000000
+ 0.00 0.75 -0.35 1000000
+ 0.00 0.79 -0.35 1000000
+ 0.00 0.83 -0.35 1000000
+ 0.00 0.88 -0.35 1000000
+ 0.00 0.92 -0.35 1000000
+ 0.00 0.96 -0.35 1000000
+ 0.00 1.00 -0.35 1000000
+ 0.00 0.00 -0.31 1000000
+ 0.00 0.04 -0.31 1000000
+ 0.00 0.08 -0.31 1000000
+ 0.00 0.12 -0.31 1000000
+ 0.00 0.17 -0.31 1000000
+ 0.00 0.21 -0.31 1000000
+ 0.00 0.25 -0.31 1000000
+ 0.00 0.29 -0.31 1000000
+ 0.00 0.33 -0.31 1000000
+ 0.00 0.38 -0.31 1000000
+ 0.00 0.42 -0.31 1000000
+ 0.00 0.46 -0.31 1000000
+ 0.00 0.50 -0.31 1000000
+ 0.00 0.54 -0.31 1000000
+ 0.00 0.58 -0.31 1000000
+ 0.00 0.62 -0.31 1000000
+ 0.00 0.67 -0.31 1000000
+ 0.00 0.71 -0.31 1000000
+ 0.00 0.75 -0.31 1000000
+ 0.00 0.79 -0.31 1000000
+ 0.00 0.83 -0.31 1000000
+ 0.00 0.88 -0.31 1000000
+ 0.00 0.92 -0.31 1000000
+ 0.00 0.96 -0.31 1000000
+ 0.00 1.00 -0.31 1000000
+ 0.00 0.00 -0.27 1000000
+ 0.00 0.04 -0.27 1000000
+ 0.00 0.08 -0.27 1000000
+ 0.00 0.12 -0.27 1000000
+ 0.00 0.17 -0.27 1000000
+ 0.00 0.21 -0.27 1000000
+ 0.00 0.25 -0.27 1000000
+ 0.00 0.29 -0.27 1000000
+ 0.00 0.33 -0.27 1000000
+ 0.00 0.38 -0.27 1000000
+ 0.00 0.42 -0.27 1000000
+ 0.00 0.46 -0.27 1000000
+ 0.00 0.50 -0.27 1000000
+ 0.00 0.54 -0.27 1000000
+ 0.00 0.58 -0.27 1000000
+ 0.00 0.62 -0.27 1000000
+ 0.00 0.67 -0.27 1000000
+ 0.00 0.71 -0.27 1000000
+ 0.00 0.75 -0.27 1000000
+ 0.00 0.79 -0.27 1000000
+ 0.00 0.83 -0.27 1000000
+ 0.00 0.88 -0.27 1000000
+ 0.00 0.92 -0.27 1000000
+ 0.00 0.96 -0.27 1000000
+ 0.00 1.00 -0.27 1000000
+ 0.00 0.00 -0.22 1000000
+ 0.00 0.04 -0.22 1000000
+ 0.00 0.08 -0.22 1000000
+ 0.00 0.12 -0.22 1000000
+ 0.00 0.17 -0.22 1000000
+ 0.00 0.21 -0.22 1000000
+ 0.00 0.25 -0.22 1000000
+ 0.00 0.29 -0.22 1000000
+ 0.00 0.33 -0.22 1000000
+ 0.00 0.38 -0.22 1000000
+ 0.00 0.42 -0.22 1000000
+ 0.00 0.46 -0.22 1000000
+ 0.00 0.50 -0.22 1000000
+ 0.00 0.54 -0.22 1000000
+ 0.00 0.58 -0.22 1000000
+ 0.00 0.62 -0.22 1000000
+ 0.00 0.67 -0.22 1000000
+ 0.00 0.71 -0.22 1000000
+ 0.00 0.75 -0.22 1000000
+ 0.00 0.79 -0.22 1000000
+ 0.00 0.83 -0.22 1000000
+ 0.00 0.88 -0.22 1000000
+ 0.00 0.92 -0.22 1000000
+ 0.00 0.96 -0.22 1000000
+ 0.00 1.00 -0.22 1000000
+ 0.00 0.00 -0.18 1000000
+ 0.00 0.04 -0.18 1000000
+ 0.00 0.08 -0.18 1000000
+ 0.00 0.12 -0.18 1000000
+ 0.00 0.17 -0.18 1000000
+ 0.00 0.21 -0.18 1000000
+ 0.00 0.25 -0.18 1000000
+ 0.00 0.29 -0.18 1000000
+ 0.00 0.33 -0.18 1000000
+ 0.00 0.38 -0.18 1000000
+ 0.00 0.42 -0.18 1000000
+ 0.00 0.46 -0.18 1000000
+ 0.00 0.50 -0.18 1000000
+ 0.00 0.54 -0.18 1000000
+ 0.00 0.58 -0.18 1000000
+ 0.00 0.62 -0.18 1000000
+ 0.00 0.67 -0.18 1000000
+ 0.00 0.71 -0.18 1000000
+ 0.00 0.75 -0.18 1000000
+ 0.00 0.79 -0.18 1000000
+ 0.00 0.83 -0.18 1000000
+ 0.00 0.88 -0.18 1000000
+ 0.00 0.92 -0.18 1000000
+ 0.00 0.96 -0.18 1000000
+ 0.00 1.00 -0.18 1000000
+ 0.00 0.00 -0.14 1000000
+ 0.00 0.04 -0.14 1000000
+ 0.00 0.08 -0.14 1000000
+ 0.00 0.12 -0.14 1000000
+ 0.00 0.17 -0.14 1000000
+ 0.00 0.21 -0.14 1000000
+ 0.00 0.25 -0.14 1000000
+ 0.00 0.29 -0.14 1000000
+ 0.00 0.33 -0.14 1000000
+ 0.00 0.38 -0.14 1000000
+ 0.00 0.42 -0.14 1000000
+ 0.00 0.46 -0.14 1000000
+ 0.00 0.50 -0.14 1000000
+ 0.00 0.54 -0.14 1000000
+ 0.00 0.58 -0.14 1000000
+ 0.00 0.62 -0.14 1000000
+ 0.00 0.67 -0.14 1000000
+ 0.00 0.71 -0.14 1000000
+ 0.00 0.75 -0.14 1000000
+ 0.00 0.79 -0.14 1000000
+ 0.00 0.83 -0.14 1000000
+ 0.00 0.88 -0.14 1000000
+ 0.00 0.92 -0.14 1000000
+ 0.00 0.96 -0.14 1000000
+ 0.00 1.00 -0.14 1000000
+ 0.00 0.00 -0.10 1000000
+ 0.00 0.04 -0.10 1000000
+ 0.00 0.08 -0.10 1000000
+ 0.00 0.12 -0.10 1000000
+ 0.00 0.17 -0.10 1000000
+ 0.00 0.21 -0.10 1000000
+ 0.00 0.25 -0.10 1000000
+ 0.00 0.29 -0.10 1000000
+ 0.00 0.33 -0.10 1000000
+ 0.00 0.38 -0.10 1000000
+ 0.00 0.42 -0.10 1000000
+ 0.00 0.46 -0.10 1000000
+ 0.00 0.50 -0.10 1000000
+ 0.00 0.54 -0.10 1000000
+ 0.00 0.58 -0.10 1000000
+ 0.00 0.62 -0.10 1000000
+ 0.00 0.67 -0.10 1000000
+ 0.00 0.71 -0.10 1000000
+ 0.00 0.75 -0.10 1000000
+ 0.00 0.79 -0.10 1000000
+ 0.00 0.83 -0.10 1000000
+ 0.00 0.88 -0.10 1000000
+ 0.00 0.92 -0.10 1000000
+ 0.00 0.96 -0.10 1000000
+ 0.00 1.00 -0.10 1000000
+ 0.00 0.00 -0.06 1000000
+ 0.00 0.04 -0.06 1000000
+ 0.00 0.08 -0.06 1000000
+ 0.00 0.12 -0.06 1000000
+ 0.00 0.17 -0.06 1000000
+ 0.00 0.21 -0.06 1000000
+ 0.00 0.25 -0.06 1000000
+ 0.00 0.29 -0.06 1000000
+ 0.00 0.33 -0.06 1000000
+ 0.00 0.38 -0.06 1000000
+ 0.00 0.42 -0.06 1000000
+ 0.00 0.46 -0.06 1000000
+ 0.00 0.50 -0.06 1000000
+ 0.00 0.54 -0.06 1000000
+ 0.00 0.58 -0.06 1000000
+ 0.00 0.62 -0.06 1000000
+ 0.00 0.67 -0.06 1000000
+ 0.00 0.71 -0.06 1000000
+ 0.00 0.75 -0.06 1000000
+ 0.00 0.79 -0.06 1000000
+ 0.00 0.83 -0.06 1000000
+ 0.00 0.88 -0.06 1000000
+ 0.00 0.92 -0.06 1000000
+ 0.00 0.96 -0.06 1000000
+ 0.00 1.00 -0.06 1000000
+ 0.00 0.00 -0.02 1000000
+ 0.00 0.04 -0.02 1000000
+ 0.00 0.08 -0.02 1000000
+ 0.00 0.12 -0.02 1000000
+ 0.00 0.17 -0.02 1000000
+ 0.00 0.21 -0.02 1000000
+ 0.00 0.25 -0.02 1000000
+ 0.00 0.29 -0.02 1000000
+ 0.00 0.33 -0.02 1000000
+ 0.00 0.38 -0.02 1000000
+ 0.00 0.42 -0.02 1000000
+ 0.00 0.46 -0.02 1000000
+ 0.00 0.50 -0.02 1000000
+ 0.00 0.54 -0.02 1000000
+ 0.00 0.58 -0.02 1000000
+ 0.00 0.62 -0.02 1000000
+ 0.00 0.67 -0.02 1000000
+ 0.00 0.71 -0.02 1000000
+ 0.00 0.75 -0.02 1000000
+ 0.00 0.79 -0.02 1000000
+ 0.00 0.83 -0.02 1000000
+ 0.00 0.88 -0.02 1000000
+ 0.00 0.92 -0.02 1000000
+ 0.00 0.96 -0.02 1000000
+ 0.00 1.00 -0.02 1000000
+ 0.00 0.00 0.02 1000000
+ 0.00 0.04 0.02 1000000
+ 0.00 0.08 0.02 1000000
+ 0.00 0.12 0.02 1000000
+ 0.00 0.17 0.02 1000000
+ 0.00 0.21 0.02 1000000
+ 0.00 0.25 0.02 1000000
+ 0.00 0.29 0.02 1000000
+ 0.00 0.33 0.02 1000000
+ 0.00 0.38 0.02 1000000
+ 0.00 0.42 0.02 1000000
+ 0.00 0.46 0.02 1000000
+ 0.00 0.50 0.02 1000000
+ 0.00 0.54 0.02 1000000
+ 0.00 0.58 0.02 1000000
+ 0.00 0.62 0.02 1000000
+ 0.00 0.67 0.02 1000000
+ 0.00 0.71 0.02 1000000
+ 0.00 0.75 0.02 1000000
+ 0.00 0.79 0.02 1000000
+ 0.00 0.83 0.02 1000000
+ 0.00 0.88 0.02 1000000
+ 0.00 0.92 0.02 1000000
+ 0.00 0.96 0.02 1000000
+ 0.00 1.00 0.02 1000000
+ 0.00 0.00 0.06 1000000
+ 0.00 0.04 0.06 1000000
+ 0.00 0.08 0.06 1000000
+ 0.00 0.12 0.06 1000000
+ 0.00 0.17 0.06 1000000
+ 0.00 0.21 0.06 1000000
+ 0.00 0.25 0.06 1000000
+ 0.00 0.29 0.06 1000000
+ 0.00 0.33 0.06 1000000
+ 0.00 0.38 0.06 1000000
+ 0.00 0.42 0.06 1000000
+ 0.00 0.46 0.06 1000000
+ 0.00 0.50 0.06 1000000
+ 0.00 0.54 0.06 1000000
+ 0.00 0.58 0.06 1000000
+ 0.00 0.62 0.06 1000000
+ 0.00 0.67 0.06 1000000
+ 0.00 0.71 0.06 1000000
+ 0.00 0.75 0.06 1000000
+ 0.00 0.79 0.06 1000000
+ 0.00 0.83 0.06 1000000
+ 0.00 0.88 0.06 1000000
+ 0.00 0.92 0.06 1000000
+ 0.00 0.96 0.06 1000000
+ 0.00 1.00 0.06 1000000
+ 0.00 0.00 0.10 1000000
+ 0.00 0.04 0.10 1000000
+ 0.00 0.08 0.10 1000000
+ 0.00 0.12 0.10 1000000
+ 0.00 0.17 0.10 1000000
+ 0.00 0.21 0.10 1000000
+ 0.00 0.25 0.10 1000000
+ 0.00 0.29 0.10 1000000
+ 0.00 0.33 0.10 1000000
+ 0.00 0.38 0.10 1000000
+ 0.00 0.42 0.10 1000000
+ 0.00 0.46 0.10 1000000
+ 0.00 0.50 0.10 1000000
+ 0.00 0.54 0.10 1000000
+ 0.00 0.58 0.10 1000000
+ 0.00 0.62 0.10 1000000
+ 0.00 0.67 0.10 1000000
+ 0.00 0.71 0.10 1000000
+ 0.00 0.75 0.10 1000000
+ 0.00 0.79 0.10 1000000
+ 0.00 0.83 0.10 1000000
+ 0.00 0.88 0.10 1000000
+ 0.00 0.92 0.10 1000000
+ 0.00 0.96 0.10 1000000
+ 0.00 1.00 0.10 1000000
+ 0.00 0.00 0.14 1000000
+ 0.00 0.04 0.14 1000000
+ 0.00 0.08 0.14 1000000
+ 0.00 0.12 0.14 1000000
+ 0.00 0.17 0.14 1000000
+ 0.00 0.21 0.14 1000000
+ 0.00 0.25 0.14 1000000
+ 0.00 0.29 0.14 1000000
+ 0.00 0.33 0.14 1000000
+ 0.00 0.38 0.14 1000000
+ 0.00 0.42 0.14 1000000
+ 0.00 0.46 0.14 1000000
+ 0.00 0.50 0.14 1000000
+ 0.00 0.54 0.14 1000000
+ 0.00 0.58 0.14 1000000
+ 0.00 0.62 0.14 1000000
+ 0.00 0.67 0.14 1000000
+ 0.00 0.71 0.14 1000000
+ 0.00 0.75 0.14 1000000
+ 0.00 0.79 0.14 1000000
+ 0.00 0.83 0.14 1000000
+ 0.00 0.88 0.14 1000000
+ 0.00 0.92 0.14 1000000
+ 0.00 0.96 0.14 1000000
+ 0.00 1.00 0.14 1000000
+ 0.00 0.00 0.18 1000000
+ 0.00 0.04 0.18 1000000
+ 0.00 0.08 0.18 1000000
+ 0.00 0.12 0.18 1000000
+ 0.00 0.17 0.18 1000000
+ 0.00 0.21 0.18 1000000
+ 0.00 0.25 0.18 1000000
+ 0.00 0.29 0.18 1000000
+ 0.00 0.33 0.18 1000000
+ 0.00 0.38 0.18 1000000
+ 0.00 0.42 0.18 1000000
+ 0.00 0.46 0.18 1000000
+ 0.00 0.50 0.18 1000000
+ 0.00 0.54 0.18 1000000
+ 0.00 0.58 0.18 1000000
+ 0.00 0.62 0.18 1000000
+ 0.00 0.67 0.18 1000000
+ 0.00 0.71 0.18 1000000
+ 0.00 0.75 0.18 1000000
+ 0.00 0.79 0.18 1000000
+ 0.00 0.83 0.18 1000000
+ 0.00 0.88 0.18 1000000
+ 0.00 0.92 0.18 1000000
+ 0.00 0.96 0.18 1000000
+ 0.00 1.00 0.18 1000000
+ 0.00 0.00 0.22 1000000
+ 0.00 0.04 0.22 1000000
+ 0.00 0.08 0.22 1000000
+ 0.00 0.12 0.22 1000000
+ 0.00 0.17 0.22 1000000
+ 0.00 0.21 0.22 1000000
+ 0.00 0.25 0.22 1000000
+ 0.00 0.29 0.22 1000000
+ 0.00 0.33 0.22 1000000
+ 0.00 0.38 0.22 1000000
+ 0.00 0.42 0.22 1000000
+ 0.00 0.46 0.22 1000000
+ 0.00 0.50 0.22 1000000
+ 0.00 0.54 0.22 1000000
+ 0.00 0.58 0.22 1000000
+ 0.00 0.62 0.22 1000000
+ 0.00 0.67 0.22 1000000
+ 0.00 0.71 0.22 1000000
+ 0.00 0.75 0.22 1000000
+ 0.00 0.79 0.22 1000000
+ 0.00 0.83 0.22 1000000
+ 0.00 0.88 0.22 1000000
+ 0.00 0.92 0.22 1000000
+ 0.00 0.96 0.22 1000000
+ 0.00 1.00 0.22 1000000
+ 0.00 0.00 0.27 1000000
+ 0.00 0.04 0.27 1000000
+ 0.00 0.08 0.27 1000000
+ 0.00 0.12 0.27 1000000
+ 0.00 0.17 0.27 1000000
+ 0.00 0.21 0.27 1000000
+ 0.00 0.25 0.27 1000000
+ 0.00 0.29 0.27 1000000
+ 0.00 0.33 0.27 1000000
+ 0.00 0.38 0.27 1000000
+ 0.00 0.42 0.27 1000000
+ 0.00 0.46 0.27 1000000
+ 0.00 0.50 0.27 1000000
+ 0.00 0.54 0.27 1000000
+ 0.00 0.58 0.27 1000000
+ 0.00 0.62 0.27 1000000
+ 0.00 0.67 0.27 1000000
+ 0.00 0.71 0.27 1000000
+ 0.00 0.75 0.27 1000000
+ 0.00 0.79 0.27 1000000
+ 0.00 0.83 0.27 1000000
+ 0.00 0.88 0.27 1000000
+ 0.00 0.92 0.27 1000000
+ 0.00 0.96 0.27 1000000
+ 0.00 1.00 0.27 1000000
+ 0.00 0.00 0.31 1000000
+ 0.00 0.04 0.31 1000000
+ 0.00 0.08 0.31 1000000
+ 0.00 0.12 0.31 1000000
+ 0.00 0.17 0.31 1000000
+ 0.00 0.21 0.31 1000000
+ 0.00 0.25 0.31 1000000
+ 0.00 0.29 0.31 1000000
+ 0.00 0.33 0.31 1000000
+ 0.00 0.38 0.31 1000000
+ 0.00 0.42 0.31 1000000
+ 0.00 0.46 0.31 1000000
+ 0.00 0.50 0.31 1000000
+ 0.00 0.54 0.31 1000000
+ 0.00 0.58 0.31 1000000
+ 0.00 0.62 0.31 1000000
+ 0.00 0.67 0.31 1000000
+ 0.00 0.71 0.31 1000000
+ 0.00 0.75 0.31 1000000
+ 0.00 0.79 0.31 1000000
+ 0.00 0.83 0.31 1000000
+ 0.00 0.88 0.31 1000000
+ 0.00 0.92 0.31 1000000
+ 0.00 0.96 0.31 1000000
+ 0.00 1.00 0.31 1000000
+ 0.00 0.00 0.35 1000000
+ 0.00 0.04 0.35 1000000
+ 0.00 0.08 0.35 1000000
+ 0.00 0.12 0.35 1000000
+ 0.00 0.17 0.35 1000000
+ 0.00 0.21 0.35 1000000
+ 0.00 0.25 0.35 1000000
+ 0.00 0.29 0.35 1000000
+ 0.00 0.33 0.35 1000000
+ 0.00 0.38 0.35 1000000
+ 0.00 0.42 0.35 1000000
+ 0.00 0.46 0.35 1000000
+ 0.00 0.50 0.35 1000000
+ 0.00 0.54 0.35 1000000
+ 0.00 0.58 0.35 1000000
+ 0.00 0.62 0.35 1000000
+ 0.00 0.67 0.35 1000000
+ 0.00 0.71 0.35 1000000
+ 0.00 0.75 0.35 1000000
+ 0.00 0.79 0.35 1000000
+ 0.00 0.83 0.35 1000000
+ 0.00 0.88 0.35 1000000
+ 0.00 0.92 0.35 1000000
+ 0.00 0.96 0.35 1000000
+ 0.00 1.00 0.35 1000000
+ 0.00 0.00 0.39 1000000
+ 0.00 0.04 0.39 1000000
+ 0.00 0.08 0.39 1000000
+ 0.00 0.12 0.39 1000000
+ 0.00 0.17 0.39 1000000
+ 0.00 0.21 0.39 1000000
+ 0.00 0.25 0.39 1000000
+ 0.00 0.29 0.39 1000000
+ 0.00 0.33 0.39 1000000
+ 0.00 0.38 0.39 1000000
+ 0.00 0.42 0.39 1000000
+ 0.00 0.46 0.39 1000000
+ 0.00 0.50 0.39 1000000
+ 0.00 0.54 0.39 1000000
+ 0.00 0.58 0.39 1000000
+ 0.00 0.62 0.39 1000000
+ 0.00 0.67 0.39 1000000
+ 0.00 0.71 0.39 1000000
+ 0.00 0.75 0.39 1000000
+ 0.00 0.79 0.39 1000000
+ 0.00 0.83 0.39 1000000
+ 0.00 0.88 0.39 1000000
+ 0.00 0.92 0.39 1000000
+ 0.00 0.96 0.39 1000000
+ 0.00 1.00 0.39 1000000
+ 0.00 0.00 0.43 1000000
+ 0.00 0.04 0.43 1000000
+ 0.00 0.08 0.43 1000000
+ 0.00 0.12 0.43 1000000
+ 0.00 0.17 0.43 1000000
+ 0.00 0.21 0.43 1000000
+ 0.00 0.25 0.43 1000000
+ 0.00 0.29 0.43 1000000
+ 0.00 0.33 0.43 1000000
+ 0.00 0.38 0.43 1000000
+ 0.00 0.42 0.43 1000000
+ 0.00 0.46 0.43 1000000
+ 0.00 0.50 0.43 1000000
+ 0.00 0.54 0.43 1000000
+ 0.00 0.58 0.43 1000000
+ 0.00 0.62 0.43 1000000
+ 0.00 0.67 0.43 1000000
+ 0.00 0.71 0.43 1000000
+ 0.00 0.75 0.43 1000000
+ 0.00 0.79 0.43 1000000
+ 0.00 0.83 0.43 1000000
+ 0.00 0.88 0.43 1000000
+ 0.00 0.92 0.43 1000000
+ 0.00 0.96 0.43 1000000
+ 0.00 1.00 0.43 1000000
+ 0.00 0.00 0.47 1000000
+ 0.00 0.04 0.47 1000000
+ 0.00 0.08 0.47 1000000
+ 0.00 0.12 0.47 1000000
+ 0.00 0.17 0.47 1000000
+ 0.00 0.21 0.47 1000000
+ 0.00 0.25 0.47 1000000
+ 0.00 0.29 0.47 1000000
+ 0.00 0.33 0.47 1000000
+ 0.00 0.38 0.47 1000000
+ 0.00 0.42 0.47 1000000
+ 0.00 0.46 0.47 1000000
+ 0.00 0.50 0.47 1000000
+ 0.00 0.54 0.47 1000000
+ 0.00 0.58 0.47 1000000
+ 0.00 0.62 0.47 1000000
+ 0.00 0.67 0.47 1000000
+ 0.00 0.71 0.47 1000000
+ 0.00 0.75 0.47 1000000
+ 0.00 0.79 0.47 1000000
+ 0.00 0.83 0.47 1000000
+ 0.00 0.88 0.47 1000000
+ 0.00 0.92 0.47 1000000
+ 0.00 0.96 0.47 1000000
+ 0.00 1.00 0.47 1000000
+ 0.00 0.00 0.51 1000000
+ 0.00 0.04 0.51 1000000
+ 0.00 0.08 0.51 1000000
+ 0.00 0.12 0.51 1000000
+ 0.00 0.17 0.51 1000000
+ 0.00 0.21 0.51 1000000
+ 0.00 0.25 0.51 1000000
+ 0.00 0.29 0.51 1000000
+ 0.00 0.33 0.51 1000000
+ 0.00 0.38 0.51 1000000
+ 0.00 0.42 0.51 1000000
+ 0.00 0.46 0.51 1000000
+ 0.00 0.50 0.51 1000000
+ 0.00 0.54 0.51 1000000
+ 0.00 0.58 0.51 1000000
+ 0.00 0.62 0.51 1000000
+ 0.00 0.67 0.51 1000000
+ 0.00 0.71 0.51 1000000
+ 0.00 0.75 0.51 1000000
+ 0.00 0.79 0.51 1000000
+ 0.00 0.83 0.51 1000000
+ 0.00 0.88 0.51 1000000
+ 0.00 0.92 0.51 1000000
+ 0.00 0.96 0.51 1000000
+ 0.00 1.00 0.51 1000000
+ 0.00 0.00 0.55 1000000
+ 0.00 0.04 0.55 1000000
+ 0.00 0.08 0.55 1000000
+ 0.00 0.12 0.55 1000000
+ 0.00 0.17 0.55 1000000
+ 0.00 0.21 0.55 1000000
+ 0.00 0.25 0.55 1000000
+ 0.00 0.29 0.55 1000000
+ 0.00 0.33 0.55 1000000
+ 0.00 0.38 0.55 1000000
+ 0.00 0.42 0.55 1000000
+ 0.00 0.46 0.55 1000000
+ 0.00 0.50 0.55 1000000
+ 0.00 0.54 0.55 1000000
+ 0.00 0.58 0.55 1000000
+ 0.00 0.62 0.55 1000000
+ 0.00 0.67 0.55 1000000
+ 0.00 0.71 0.55 1000000
+ 0.00 0.75 0.55 1000000
+ 0.00 0.79 0.55 1000000
+ 0.00 0.83 0.55 1000000
+ 0.00 0.88 0.55 1000000
+ 0.00 0.92 0.55 1000000
+ 0.00 0.96 0.55 1000000
+ 0.00 1.00 0.55 1000000
+ 0.00 0.00 0.59 1000000
+ 0.00 0.04 0.59 1000000
+ 0.00 0.08 0.59 1000000
+ 0.00 0.12 0.59 1000000
+ 0.00 0.17 0.59 1000000
+ 0.00 0.21 0.59 1000000
+ 0.00 0.25 0.59 1000000
+ 0.00 0.29 0.59 1000000
+ 0.00 0.33 0.59 1000000
+ 0.00 0.38 0.59 1000000
+ 0.00 0.42 0.59 1000000
+ 0.00 0.46 0.59 1000000
+ 0.00 0.50 0.59 1000000
+ 0.00 0.54 0.59 1000000
+ 0.00 0.58 0.59 1000000
+ 0.00 0.62 0.59 1000000
+ 0.00 0.67 0.59 1000000
+ 0.00 0.71 0.59 1000000
+ 0.00 0.75 0.59 1000000
+ 0.00 0.79 0.59 1000000
+ 0.00 0.83 0.59 1000000
+ 0.00 0.88 0.59 1000000
+ 0.00 0.92 0.59 1000000
+ 0.00 0.96 0.59 1000000
+ 0.00 1.00 0.59 1000000
+ 0.00 0.00 0.63 1000000
+ 0.00 0.04 0.63 1000000
+ 0.00 0.08 0.63 1000000
+ 0.00 0.12 0.63 1000000
+ 0.00 0.17 0.63 1000000
+ 0.00 0.21 0.63 1000000
+ 0.00 0.25 0.63 1000000
+ 0.00 0.29 0.63 1000000
+ 0.00 0.33 0.63 1000000
+ 0.00 0.38 0.63 1000000
+ 0.00 0.42 0.63 1000000
+ 0.00 0.46 0.63 1000000
+ 0.00 0.50 0.63 1000000
+ 0.00 0.54 0.63 1000000
+ 0.00 0.58 0.63 1000000
+ 0.00 0.62 0.63 1000000
+ 0.00 0.67 0.63 1000000
+ 0.00 0.71 0.63 1000000
+ 0.00 0.75 0.63 1000000
+ 0.00 0.79 0.63 1000000
+ 0.00 0.83 0.63 1000000
+ 0.00 0.88 0.63 1000000
+ 0.00 0.92 0.63 1000000
+ 0.00 0.96 0.63 1000000
+ 0.00 1.00 0.63 1000000
+ 0.00 0.00 0.67 1000000
+ 0.00 0.04 0.67 1000000
+ 0.00 0.08 0.67 1000000
+ 0.00 0.12 0.67 1000000
+ 0.00 0.17 0.67 1000000
+ 0.00 0.21 0.67 1000000
+ 0.00 0.25 0.67 1000000
+ 0.00 0.29 0.67 1000000
+ 0.00 0.33 0.67 1000000
+ 0.00 0.38 0.67 1000000
+ 0.00 0.42 0.67 1000000
+ 0.00 0.46 0.67 1000000
+ 0.00 0.50 0.67 1000000
+ 0.00 0.54 0.67 1000000
+ 0.00 0.58 0.67 1000000
+ 0.00 0.62 0.67 1000000
+ 0.00 0.67 0.67 1000000
+ 0.00 0.71 0.67 1000000
+ 0.00 0.75 0.67 1000000
+ 0.00 0.79 0.67 1000000
+ 0.00 0.83 0.67 1000000
+ 0.00 0.88 0.67 1000000
+ 0.00 0.92 0.67 1000000
+ 0.00 0.96 0.67 1000000
+ 0.00 1.00 0.67 1000000
+ 0.00 0.00 0.71 1000000
+ 0.00 0.04 0.71 1000000
+ 0.00 0.08 0.71 1000000
+ 0.00 0.12 0.71 1000000
+ 0.00 0.17 0.71 1000000
+ 0.00 0.21 0.71 1000000
+ 0.00 0.25 0.71 1000000
+ 0.00 0.29 0.71 1000000
+ 0.00 0.33 0.71 1000000
+ 0.00 0.38 0.71 1000000
+ 0.00 0.42 0.71 1000000
+ 0.00 0.46 0.71 1000000
+ 0.00 0.50 0.71 1000000
+ 0.00 0.54 0.71 1000000
+ 0.00 0.58 0.71 1000000
+ 0.00 0.62 0.71 1000000
+ 0.00 0.67 0.71 1000000
+ 0.00 0.71 0.71 1000000
+ 0.00 0.75 0.71 1000000
+ 0.00 0.79 0.71 1000000
+ 0.00 0.83 0.71 1000000
+ 0.00 0.88 0.71 1000000
+ 0.00 0.92 0.71 1000000
+ 0.00 0.96 0.71 1000000
+ 0.00 1.00 0.71 1000000
+ 0.00 0.00 0.76 1000000
+ 0.00 0.04 0.76 1000000
+ 0.00 0.08 0.76 1000000
+ 0.00 0.12 0.76 1000000
+ 0.00 0.17 0.76 1000000
+ 0.00 0.21 0.76 1000000
+ 0.00 0.25 0.76 1000000
+ 0.00 0.29 0.76 1000000
+ 0.00 0.33 0.76 1000000
+ 0.00 0.38 0.76 1000000
+ 0.00 0.42 0.76 1000000
+ 0.00 0.46 0.76 1000000
+ 0.00 0.50 0.76 1000000
+ 0.00 0.54 0.76 1000000
+ 0.00 0.58 0.76 1000000
+ 0.00 0.62 0.76 1000000
+ 0.00 0.67 0.76 1000000
+ 0.00 0.71 0.76 1000000
+ 0.00 0.75 0.76 1000000
+ 0.00 0.79 0.76 1000000
+ 0.00 0.83 0.76 1000000
+ 0.00 0.88 0.76 1000000
+ 0.00 0.92 0.76 1000000
+ 0.00 0.96 0.76 1000000
+ 0.00 1.00 0.76 1000000
+ 0.00 0.00 0.80 1000000
+ 0.00 0.04 0.80 1000000
+ 0.00 0.08 0.80 1000000
+ 0.00 0.12 0.80 1000000
+ 0.00 0.17 0.80 1000000
+ 0.00 0.21 0.80 1000000
+ 0.00 0.25 0.80 1000000
+ 0.00 0.29 0.80 1000000
+ 0.00 0.33 0.80 1000000
+ 0.00 0.38 0.80 1000000
+ 0.00 0.42 0.80 1000000
+ 0.00 0.46 0.80 1000000
+ 0.00 0.50 0.80 1000000
+ 0.00 0.54 0.80 1000000
+ 0.00 0.58 0.80 1000000
+ 0.00 0.62 0.80 1000000
+ 0.00 0.67 0.80 1000000
+ 0.00 0.71 0.80 1000000
+ 0.00 0.75 0.80 1000000
+ 0.00 0.79 0.80 1000000
+ 0.00 0.83 0.80 1000000
+ 0.00 0.88 0.80 1000000
+ 0.00 0.92 0.80 1000000
+ 0.00 0.96 0.80 1000000
+ 0.00 1.00 0.80 1000000
+ 0.00 0.00 0.84 1000000
+ 0.00 0.04 0.84 1000000
+ 0.00 0.08 0.84 1000000
+ 0.00 0.12 0.84 1000000
+ 0.00 0.17 0.84 1000000
+ 0.00 0.21 0.84 1000000
+ 0.00 0.25 0.84 1000000
+ 0.00 0.29 0.84 1000000
+ 0.00 0.33 0.84 1000000
+ 0.00 0.38 0.84 1000000
+ 0.00 0.42 0.84 1000000
+ 0.00 0.46 0.84 1000000
+ 0.00 0.50 0.84 1000000
+ 0.00 0.54 0.84 1000000
+ 0.00 0.58 0.84 1000000
+ 0.00 0.62 0.84 1000000
+ 0.00 0.67 0.84 1000000
+ 0.00 0.71 0.84 1000000
+ 0.00 0.75 0.84 1000000
+ 0.00 0.79 0.84 1000000
+ 0.00 0.83 0.84 1000000
+ 0.00 0.88 0.84 1000000
+ 0.00 0.92 0.84 1000000
+ 0.00 0.96 0.84 1000000
+ 0.00 1.00 0.84 1000000
+ 0.00 0.00 0.88 1000000
+ 0.00 0.04 0.88 1000000
+ 0.00 0.08 0.88 1000000
+ 0.00 0.12 0.88 1000000
+ 0.00 0.17 0.88 1000000
+ 0.00 0.21 0.88 1000000
+ 0.00 0.25 0.88 1000000
+ 0.00 0.29 0.88 1000000
+ 0.00 0.33 0.88 1000000
+ 0.00 0.38 0.88 1000000
+ 0.00 0.42 0.88 1000000
+ 0.00 0.46 0.88 1000000
+ 0.00 0.50 0.88 1000000
+ 0.00 0.54 0.88 1000000
+ 0.00 0.58 0.88 1000000
+ 0.00 0.62 0.88 1000000
+ 0.00 0.67 0.88 1000000
+ 0.00 0.71 0.88 1000000
+ 0.00 0.75 0.88 1000000
+ 0.00 0.79 0.88 1000000
+ 0.00 0.83 0.88 1000000
+ 0.00 0.88 0.88 1000000
+ 0.00 0.92 0.88 1000000
+ 0.00 0.96 0.88 1000000
+ 0.00 1.00 0.88 1000000
+ 0.00 0.00 0.92 1000000
+ 0.00 0.04 0.92 1000000
+ 0.00 0.08 0.92 1000000
+ 0.00 0.12 0.92 1000000
+ 0.00 0.17 0.92 1000000
+ 0.00 0.21 0.92 1000000
+ 0.00 0.25 0.92 1000000
+ 0.00 0.29 0.92 1000000
+ 0.00 0.33 0.92 1000000
+ 0.00 0.38 0.92 1000000
+ 0.00 0.42 0.92 1000000
+ 0.00 0.46 0.92 1000000
+ 0.00 0.50 0.92 1000000
+ 0.00 0.54 0.92 1000000
+ 0.00 0.58 0.92 1000000
+ 0.00 0.62 0.92 1000000
+ 0.00 0.67 0.92 1000000
+ 0.00 0.71 0.92 1000000
+ 0.00 0.75 0.92 1000000
+ 0.00 0.79 0.92 1000000
+ 0.00 0.83 0.92 1000000
+ 0.00 0.88 0.92 1000000
+ 0.00 0.92 0.92 1000000
+ 0.00 0.96 0.92 1000000
+ 0.00 1.00 0.92 1000000
+ 0.00 0.00 0.96 1000000
+ 0.00 0.04 0.96 1000000
+ 0.00 0.08 0.96 1000000
+ 0.00 0.12 0.96 1000000
+ 0.00 0.17 0.96 1000000
+ 0.00 0.21 0.96 1000000
+ 0.00 0.25 0.96 1000000
+ 0.00 0.29 0.96 1000000
+ 0.00 0.33 0.96 1000000
+ 0.00 0.38 0.96 1000000
+ 0.00 0.42 0.96 1000000
+ 0.00 0.46 0.96 1000000
+ 0.00 0.50 0.96 1000000
+ 0.00 0.54 0.96 1000000
+ 0.00 0.58 0.96 1000000
+ 0.00 0.62 0.96 1000000
+ 0.00 0.67 0.96 1000000
+ 0.00 0.71 0.96 1000000
+ 0.00 0.75 0.96 1000000
+ 0.00 0.79 0.96 1000000
+ 0.00 0.83 0.96 1000000
+ 0.00 0.88 0.96 1000000
+ 0.00 0.92 0.96 1000000
+ 0.00 0.96 0.96 1000000
+ 0.00 1.00 0.96 1000000
+ 0.00 0.00 1.00 1000000
+ 0.00 0.04 1.00 1000000
+ 0.00 0.08 1.00 1000000
+ 0.00 0.12 1.00 1000000
+ 0.00 0.17 1.00 1000000
+ 0.00 0.21 1.00 1000000
+ 0.00 0.25 1.00 1000000
+ 0.00 0.29 1.00 1000000
+ 0.00 0.33 1.00 1000000
+ 0.00 0.38 1.00 1000000
+ 0.00 0.42 1.00 1000000
+ 0.00 0.46 1.00 1000000
+ 0.00 0.50 1.00 1000000
+ 0.00 0.54 1.00 1000000
+ 0.00 0.58 1.00 1000000
+ 0.00 0.62 1.00 1000000
+ 0.00 0.67 1.00 1000000
+ 0.00 0.71 1.00 1000000
+ 0.00 0.75 1.00 1000000
+ 0.00 0.79 1.00 1000000
+ 0.00 0.83 1.00 1000000
+ 0.00 0.88 1.00 1000000
+ 0.00 0.92 1.00 1000000
+ 0.00 0.96 1.00 1000000
+ 0.00 1.00 1.00 1000000
.enddata
